Start preprocessing
DEVICE =  CPU blue
              precision    recall  f1-score   support

           0       0.00      0.00      0.00      3318
           1       0.03      0.01      0.02      1406
           2       0.24      0.11      0.15      2683
           3       0.20      0.42      0.27      2896
           4       0.09      0.08      0.09      2164
           5       0.00      0.00      0.00      1164
           6       0.07      0.30      0.11      1706
           7       0.00      0.00      0.00      1578

    accuracy                           0.13     16915
   macro avg       0.08      0.11      0.08     16915
weighted avg       0.10      0.13      0.09     16915

[[   0  371   94  382  139   21 2311    0]
 [   0   20  156  549  170    7  504    0]
 [   0   85  284  832  345   19 1118    0]
 [   0    0  304 1202  456  120  814    0]
 [   0    5   81 1060  175    0  843    0]
 [   0   50   54  471  125    0  464    0]
 [   0   50  125  733  261   31  506    0]
 [   0   16   65  704  178    2  613    0]]
epoch 1/2:
loss: 2.5163300269179874
epoch 2/2:
loss: 2.079441183143192
              precision    recall  f1-score   support

           0       0.20      1.00      0.33      3318
           1       0.00      0.00      0.00      1406
           2       0.00      0.00      0.00      2683
           3       0.00      0.00      0.00      2896
           4       0.00      0.00      0.00      2164
           5       0.00      0.00      0.00      1164
           6       0.00      0.00      0.00      1706
           7       0.00      0.00      0.00      1578

    accuracy                           0.20     16915
   macro avg       0.02      0.12      0.04     16915
weighted avg       0.04      0.20      0.06     16915

[[3318    0    0    0    0    0    0    0]
 [1406    0    0    0    0    0    0    0]
 [2683    0    0    0    0    0    0    0]
 [2896    0    0    0    0    0    0    0]
 [2164    0    0    0    0    0    0    0]
 [1164    0    0    0    0    0    0    0]
 [1706    0    0    0    0    0    0    0]
 [1578    0    0    0    0    0    0    0]]
